9384 0
887 1
2778 2
6916 3
7794 4
8336 5
5387 6
493 7
6650 8
1422 9
2363 10
28 11
8691 12
60 13
7764 14
3927 15
541 16
3427 17
9173 18
5737 19
5212 20
5369 21
2568 22
6430 23
5783 24
1531 25
2863 26
5124 27
4068 28
3136 29
3930 30
9803 31
4023 32
3059 33
3070 34
8168 35
1394 36
8457 37
5012 38
8043 39
6230 40
7374 41
4422 42
4920 43
3785 44
8538 45
5199 46
4325 47
8316 48
4371 49
6414 50
3527 51
6092 52
8981 53
9957 54
1874 55
6863 56
9171 57
6997 58
7282 59
2306 60
926 61
7085 62
6328 63
337 64
6506 65
847 66
1730 67
1314 68
5858 69
6125 70
3896 71
9583 72
546 73
8815 74
3368 75
5435 76
365 77
4044 78
3751 79
1088 80
6809 81
7277 82
7179 83
5789 84
3585 85
5404 86
2652 87
2755 88
2400 89
9933 90
5061 91
9677 92
3369 93
7740 94
13 95
6227 96
8587 97
8095 98
7540 99
796 100
571 101
1435 102
379 103
7468 104
6602 105
98 106
2903 107
3318 108
493 109
6653 110
757 111
7302 112
281 113
4287 114
9442 115
3866 116
9690 117
8445 118
6620 119
8441 120
4730 121
8032 122
8118 123
8098 124
5772 125
4482 126
676 127
710 128
8928 129
4568 130
7857 131
9498 132
2354 133
4587 134
6966 135
5307 136
4684 137
6220 138
8625 139
1529 140
2872 141
5733 142
8830 143
9504 144
20 145
8271 146
3369 147
9709 148
6716 149
6341 150
8150 151
7797 152
724 153
2619 154
2246 155
2847 156
3452 157
2922 158
3556 159
2380 160
7489 161
7765 162
8229 163
9842 164
2351 165
5194 166
1501 167
7035 168
7765 169
125 170
4915 171
6988 172
5857 173
3744 174
6492 175
2228 176
8366 177
9860 178
1937 179
1433 180
2552 181
6438 182
9229 183
3276 184
5408 185
1475 186
6122 187
8859 188
4396 189
6030 190
1238 191
8236 192
3794 193
5819 194
4429 195
6144 196
1012 197
5929 198
9530 199
8777 200
2405 201
4444 202
5764 203
4614 204
4539 205
8607 206
6841 207
2905 208
4819 209
5129 210
689 211
7370 212
7918 213
9918 214
6997 215
3325 216
7744 217
9471 218
2184 219
8491 220
5500 221
9773 222
6726 223
5645 224
5591 225
7506 226
8140 227
2955 228
9787 229
7670 230
8083 231
8543 232
8465 233
198 234
9508 235
9356 236
8805 237
6349 238
8612 239
3623 240
7829 241
9300 242
7344 243
5747 244
5569 245
4341 246
5423 247
3312 248
3811 249
7606 250
1802 251
5662 252
3731 253
4879 254
1306 255
9321 256
8737 257
9445 258
8627 259
8523 260
3466 261
6709 262
3417 263
8283 264
3259 265
2925 266
7638 267
2063 268
5625 269
2601 270
2037 271
3453 272
1900 273
9380 274
5551 275
7469 276
72 277
974 278
7132 279
3882 280
4931 281
8934 282
5895 283
8661 284
164 285
7200 286
7982 287
8900 288
2997 289
2960 290
3774 291
2814 292
9669 293
7191 294
1096 295
2927 296
6467 297
5085 298
1341 299
2091 300
7685 301
3377 302
5543 303
5937 304
9108 305
7446 306
9757 307
9180 308
8419 309
6888 310
9413 311
3349 312
2173 313
1660 314
2010 315
2337 316
5211 317
6343 318
7588 319
8207 320
9302 321
7714 322
7373 323
5322 324
1256 325
4820 326
4600 327
7722 328
9905 329
5940 330
9812 331
3941 332
5668 333
1706 334
6229 335
1128 336
9151 337
5985 338
6659 339
3921 340
9225 341
2423 342
7270 343
1397 344
4082 345
5631 346
85 347
9293 348
1973 349
7673 350
3851 351
7626 352
5386 353
1223 354
9300 355
6641 356
6043 357
3899 358
714 359
2299 360
6191 361
525 362
2591 363
8210 364
8582 365
8820 366
9337 367
7733 368
1156 369
5995 370
8005 371
380 372
4770 373
5274 374
1777 375
8851 376
7256 377
1861 378
8143 379
5580 380
5885 381
1994 382
3206 383
7622 384
9568 385
2505 386
614 387
1962 388
2755 389
1327 390
4260 391
8945 392
8203 393
3203 394
3507 395
6785 396
2022 397
2843 398
869 399
9529 400
5190 401
8873 402
9909 403
9959 404
499 405
8037 406
8809 407
7754 408
6249 409
3304 410
3334 411
2134 412
1649 413
2891 414
9755 415
7568 416
1747 417
369 418
9530 419
4501 420
8047 421
3789 422
9798 423
6250 424
6991 425
3304 426
3034 427
5364 428
2498 429
254 430
4893 431
7687 432
9126 433
1153 434
3997 435
5976 436
9189 437
9158 438
3730 439
5437 440
2461 441
3415 442
3922 443
461 444
6305 445
29 446
8028 447
8051 448
6749 449
7557 450
8903 451
4795 452
7698 453
8700 454
1044 455
1040 456
2003 457
429 458
6404 459
4501 460
682 461
7648 462
8539 463
6160 464
5152 465
2536 466
2135 467
4340 468
1693 469
2216 470
6128 471
505 472
5630 473
50 474
965 475
8286 476
6430 477
5344 478
6336 479
3178 480
2901 481
5239 482
7972 483
6950 484
290 485
5368 486
7989 487
2293 488
5796 489
744 490
3145 491
2830 492
8391 493
1683 494
5341 495
3542 496
570 497
3827 498
4233 499
2262 500
6043 501
361 502
9118 503
8024 504
6762 505
82 506
6310 507
3191 508
5426 509
8997 510
6368 511
4678 512
4235 513
691 514
1627 515
4525 516
6058 517
9615 518
3169 519
8206 520
359 521
6313 522
7387 523
5101 524
4347 525
2727 526
4995 527
4917 528
6553 529
5579 530
3530 531
8947 532
2291 533
2648 534
6971 535
9052 536
9081 537
9632 538
8594 539
858 540
8628 541
1313 542
1887 543
9215 544
8356 545
3513 546
91 547
4413 548
9480 549
9611 550
8970 551
6190 552
2275 553
6356 554
7642 555
6621 556
5434 557
8988 558
7889 559
8339 560
4567 561
7771 562
7285 563
6857 564
418 565
607 566
2261 567
5850 568
238 569
7206 570
3060 571
5218 572
8519 573
4946 574
784 575
6874 576
8459 577
874 578
7638 579
4290 580
484 581
6608 582
479 583
2758 584
9315 585
4472 586
5730 587
1101 588
3460 589
3619 590
9439 591
8026 592
1389 593
3075 594
1234 595
8158 596
3682 597
3494 598
359 599
271 600
700 601
3418 602
1840 603
5570 604
8364 605
2623 606
8795 607
3174 608
9848 609
6432 610
7463 611
6683 612
9391 613
4293 614
5792 615
5058 616
5116 617
1522 618
6158 619
8575 620
1492 621
1948 622
2952 623
9232 624
5022 625
538 626
3741 627
5055 628
4031 629
4099 630
5326 631
1082 632
7517 633
3517 634
3003 635
2232 636
6140 637
1797 638
5405 639
2339 640
4581 641
9219 642
9022 643
3971 644
9863 645
4813 646
5380 647
4978 648
2686 649
1537 650
9905 651
4177 652
3484 653
9208 654
9760 655
4858 656
9745 657
3500 658
9912 659
128 660
3951 661
5237 662
7561 663
7819 664
5106 665
564 666
50 667
1245 668
8712 669
1806 670
9935 671
3292 672
7376 673
8956 674
3615 675
3590 676
3769 677
8994 678
4919 679
2806 680
6883 681
4823 682
6983 683
6718 684
4031 685
3094 686
1575 687
127 688
6594 689
1487 690
254 691
544 692
3075 693
7815 694
4714 695
8180 696
8378 697
4763 698
5776 699
7089 700
2920 701
5711 702
6733 703
295 704
1018 705
347 706
236 707
1138 708
5692 709
5154 710
3944 711
2574 712
6329 713
926 714
9292 715
6711 716
4019 717
7218 718
6837 719
6964 720
5056 721
7091 722
3859 723
8131 724
4905 725
8572 726
2662 727
9634 728
9686 729
4790 730
3074 731
2605 732
6852 733
9806 734
9251 735
7869 736
6504 737
9486 738
9007 739
2196 740
4640 741
2950 742
1121 743
968 744
227 745
6764 746
7678 747
597 748
3982 749
866 750
7561 751
9037 752
7956 753
7771 754
3519 755
9212 756
6343 757
2533 758
5197 759
2380 760
7322 761
8271 762
4985 763
4173 764
4428 765
4235 766
2041 767
7284 768
73 769
7399 770
5831 771
1064 772
348 773
6951 774
2031 775
574 776
3715 777
6060 778
7523 779
4048 780
6925 781
5083 782
9436 783
1233 784
9205 785
2955 786
444 787
1899 788
5487 789
5641 790
4279 791
9160 792
263 793
9263 794
9684 795
1042 796
9849 797
1724 798
8325 799
6273 800
9123 801
4155 802
7336 803
5822 804
7458 805
9366 806
2748 807
1172 808
1777 809
270 810
5219 811
8702 812
1704 813
4654 814
9934 815
908 816
3960 817
6729 818
2807 819
5798 820
8721 821
7085 822
1309 823
5335 824
2699 825
992 826
6377 827
8899 828
2716 829
1053 830
5172 831
8190 832
1560 833
2507 834
4011 835
9017 836
8225 837
3110 838
6540 839
1 840
3379 841
8110 842
5054 843
5082 844
9115 845
1339 846
5990 847
9427 848
8068 849
5148 850
5224 851
6788 852
2232 853
6533 854
2123 855
1282 856
3876 857
4851 858
180 859
6591 860
2255 861
5351 862
1132 863
3814 864
7858 865
1495 866
9182 867
6082 868
4604 869
5721 870
2434 871
7983 872
182 873
7488 874
9416 875
9297 876
8826 877
5405 878
8723 879
6893 880
552 881
298 882
33 883
9135 884
3182 885
8507 886
416 887
7058 888
9709 889
596 890
10000 891
1963 892
2298 893
7484 894
5777 895
155 896
8978 897
1310 898
2588 899
9933 900
3383 901
5022 902
4267 903
3564 904
8861 905
3683 906
9212 907
7686 908
9087 909
4286 910
931 911
5991 912
4584 913
7315 914
1477 915
4117 916
5821 917
1893 918
7526 919
5529 920
8840 921
7526 922
7491 923
1137 924
1361 925
9619 926
7644 927
338 928
929 929
6583 930
6622 931
4311 932
7956 933
889 934
4226 935
6816 936
4571 937
3438 938
854 939
9 940
7723 941
1784 942
2351 943
8658 944
9098 945
3828 946
9127 947
1270 948
2072 949
6652 950
3150 951
911 952
529 953
640 954
8399 955
1889 956
6611 957
2394 958
8578 959
3891 960
8977 961
5200 962
4553 963
6932 964
6088 965
8778 966
100 967
658 968
8567 969
953 970
7018 971
2642 972
2736 973
9369 974
1299 975
8185 976
3196 977
6777 978
5806 979
5267 980
3429 981
8955 982
2529 983
309 984
9594 985
7279 986
2198 987
2556 988
9673 989
775 990
6446 991
5001 992
2326 993
998 994
8284 995
8413 996
6128 997
8383 998
5422 999
